    unsorted:	 685.4219082 686.3312135 688.0750387 682.8351239 691.6206496 675.1282158 668.9392114 660.2607721 736.9968951 731.7060148 636.9229728 623.5593293 587.7502645 566.3731502 805.3239973 822.7394402 866.9593053 529.3077493 464.1784428 474.3704834 429.9023519 421.0820687 402.0299818 354.9470850 931.9303400 939.6824702 1011.679875 331.7766831 1058.364862 94.06214480 95.94069290 86.83645836 123.2666779 108.6032094 129.0547338 150.6949480 152.4654894 71.14312451 68.81282193 219.2923349 210.7859446 46.19818188 48.22835751 38.08630398 35.28453272 19.47463857 1143.210097 1169.571285 1204.391438 1246.429098 1254.006707 1379.050048 1520.862228 1551.214271 1596.285562 1691.734041 1708.737676 1665.322389 1773.424719 1826.058553 1863.905790 1901.289533 1991.904569 2056.023776 2068.593979 2109.913839 2196.233892 2341.957254 2281.244997 2297.999649 2377.150187 2395.356227 2539.348083 2566.986878 2609.001051 2649.663492 2786.220325 2902.678945 2925.667752 3011.403576 3167.354243 3262.267542 3393.062421 3505.302821 3602.778749 3621.091140 3665.946006 3775.882482 3953.540508 4076.556558 4153.189794 4451.698182 4670.961392 4859.076376 4920.464423 5285.689876 5410.040627 5448.704060 5880.722307 6073.061277 6864.293131 7263.367650 7445.112523 7553.095052 7747.495172 8318.309696 8157.298152 9602.120888 9893.590643 10259.02833 10402.15156 11696.14850 11836.39658 12806.68476 13255.43262 13768.34326 14096.25230 14287.93794 15168.16148 15389.58282 16725.00713 16950.48021 17598.74830 18756.00880 19972.52100 21163.48282 22906.71731 23303.50487 23800.11923 24953.85690 25483.88965 27126.66988 28290.15987 29914.60834 30567.83148 33277.42539 36117.48206 39312.60573 42761.10855 44836.40837 50736.61331 148987.1420
      sorted:	 19.47463857 35.28453272 38.08630398 46.19818188 48.22835751 68.81282193 71.14312451 86.83645836 94.06214480 95.94069290 108.6032094 123.2666779 129.0547338 150.6949480 152.4654894 210.7859446 219.2923349 331.7766831 354.9470850 402.0299818 421.0820687 429.9023519 464.1784428 474.3704834 529.3077493 566.3731502 587.7502645 623.5593293 636.9229728 660.2607721 668.9392114 675.1282158 682.8351239 685.4219082 686.3312135 688.0750387 691.6206496 731.7060148 736.9968951 805.3239973 822.7394402 866.9593053 931.9303400 939.6824702 1011.679875 1058.364862 1143.210097 1169.571285 1204.391438 1246.429098 1254.006707 1379.050048 1520.862228 1551.214271 1596.285562 1665.322389 1691.734041 1708.737676 1773.424719 1826.058553 1863.905790 1901.289533 1991.904569 2056.023776 2068.593979 2109.913839 2196.233892 2281.244997 2297.999649 2341.957254 2377.150187 2395.356227 2539.348083 2566.986878 2609.001051 2649.663492 2786.220325 2902.678945 2925.667752 3011.403576 3167.354243 3262.267542 3393.062421 3505.302821 3602.778749 3621.091140 3665.946006 3775.882482 3953.540508 4076.556558 4153.189794 4451.698182 4670.961392 4859.076376 4920.464423 5285.689876 5410.040627 5448.704060 5880.722307 6073.061277 6864.293131 7263.367650 7445.112523 7553.095052 7747.495172 8157.298152 8318.309696 9602.120888 9893.590643 10259.02833 10402.15156 11696.14850 11836.39658 12806.68476 13255.43262 13768.34326 14096.25230 14287.93794 15168.16148 15389.58282 16725.00713 16950.48021 17598.74830 18756.00880 19972.52100 21163.48282 22906.71731 23303.50487 23800.11923 24953.85690 25483.88965 27126.66988 28290.15987 29914.60834 30567.83148 33277.42539 36117.48206 39312.60573 42761.10855 44836.40837 50736.61331 148987.1420
