    unsorted:	 1128.632943 1135.108106 1123.439963 1148.437085 1113.368620 1176.800869 1191.771634 1207.537788 1213.048156 1232.476097 1090.195262 1270.121321 1272.693802 1294.927721 1059.539861 1380.127595 1378.474294 1382.585312 1343.455189 1027.391922 997.0686158 987.2780815 958.6247778 910.2845762 888.7988335 867.1588565 1507.615510 755.5592840 752.7750868 748.7417182 1712.006295 706.9759100 1618.267053 1655.397342 1707.888886 1726.644608 1738.503759 1789.752935 622.3232749 541.9668096 365.7164345 375.1315621 405.8201506 437.6494195 340.1580531 327.4247374 199.9949811 200.5328868 196.5695514 192.6767392 221.0756824 250.5373104 84.15808356 86.44844720 94.51110384 102.4847422 73.65681655 64.42829731 51.55214111 44.28510506 25.40426455 6.994453513 1895.683889 1992.710969 2048.811844 2094.768547 2179.410960 2283.453061 2316.938718 2336.535877 2380.491003 2436.737015 2522.599941 2553.201984 2693.331166 2788.346744 2903.525476 2970.636006 3106.101338 3170.065343 3409.136464 3440.309941 3481.715114 3569.810793 3617.186365 3695.377402 3779.690424 3847.368030 3920.334940 3962.046494 4044.177035 4192.558061 4371.277077 4387.147138 4506.060572 4608.746825 4669.396216 4750.007505 4909.167295 5146.963072 5290.303929 5381.415368 5707.118686 6172.955536 6374.875392 6514.901134 6591.721937 6845.516578 6918.246957 7206.181540 7224.401154 7849.739415 8402.552591 8550.864524 8904.325498 9141.816522 10163.71851 10356.47336 10506.14805 10730.46370 11271.15832 11674.60129 11999.32348 12359.60846 12949.89667 13054.16769 13837.55402 14716.15821 15354.11815 16080.04458 16398.79145 16541.12259 16934.56761 17560.07848 18283.55282 18944.77643 19439.00048 19683.00338 19877.34768 20390.72436 21661.03050 21948.38879 22301.53647 23026.86409 23861.02170 24076.45911 24416.79089 25173.66766 25227.60182 25985.96862 27148.27978 31980.70490 33009.21734 37694.23040 38502.82275 39804.28088 43323.11159 52843.84902 55246.04044 58455.19645 61472.13283 80253.80277 96843.54864 122708.1228 255370.2486
      sorted:	 6.994453513 25.40426455 44.28510506 51.55214111 64.42829731 73.65681655 84.15808356 86.44844720 94.51110384 102.4847422 192.6767392 196.5695514 199.9949811 200.5328868 221.0756824 250.5373104 327.4247374 340.1580531 365.7164345 375.1315621 405.8201506 437.6494195 541.9668096 622.3232749 706.9759100 748.7417182 752.7750868 755.5592840 867.1588565 888.7988335 910.2845762 958.6247778 987.2780815 997.0686158 1027.391922 1059.539861 1090.195262 1113.368620 1123.439963 1128.632943 1135.108106 1148.437085 1176.800869 1191.771634 1207.537788 1213.048156 1232.476097 1270.121321 1272.693802 1294.927721 1343.455189 1378.474294 1380.127595 1382.585312 1507.615510 1618.267053 1655.397342 1707.888886 1712.006295 1726.644608 1738.503759 1789.752935 1895.683889 1992.710969 2048.811844 2094.768547 2179.410960 2283.453061 2316.938718 2336.535877 2380.491003 2436.737015 2522.599941 2553.201984 2693.331166 2788.346744 2903.525476 2970.636006 3106.101338 3170.065343 3409.136464 3440.309941 3481.715114 3569.810793 3617.186365 3695.377402 3779.690424 3847.368030 3920.334940 3962.046494 4044.177035 4192.558061 4371.277077 4387.147138 4506.060572 4608.746825 4669.396216 4750.007505 4909.167295 5146.963072 5290.303929 5381.415368 5707.118686 6172.955536 6374.875392 6514.901134 6591.721937 6845.516578 6918.246957 7206.181540 7224.401154 7849.739415 8402.552591 8550.864524 8904.325498 9141.816522 10163.71851 10356.47336 10506.14805 10730.46370 11271.15832 11674.60129 11999.32348 12359.60846 12949.89667 13054.16769 13837.55402 14716.15821 15354.11815 16080.04458 16398.79145 16541.12259 16934.56761 17560.07848 18283.55282 18944.77643 19439.00048 19683.00338 19877.34768 20390.72436 21661.03050 21948.38879 22301.53647 23026.86409 23861.02170 24076.45911 24416.79089 25173.66766 25227.60182 25985.96862 27148.27978 31980.70490 33009.21734 37694.23040 38502.82275 39804.28088 43323.11159 52843.84902 55246.04044 58455.19645 61472.13283 80253.80277 96843.54864 122708.1228 255370.2486
