    unsorted:	 688.4399208 684.3267265 692.7908163 698.2917938 672.3481940 668.9171552 594.4237744 626.9956971 637.0231535 603.2830199 586.0323128 762.1839237 911.1779138 920.7596303 821.6192840 830.9888641 875.1012502 946.4055354 958.2842011 986.9326474 515.1819116 458.5181800 461.7459859 438.1645532 376.6482234 374.7521386 1060.062649 1084.089741 1147.997680 296.3243101 1224.871157 252.0760129 200.3346121 197.0566063 178.6801198 145.7063933 147.8100765 83.57429308 124.2540962 109.1216084 93.80956559 87.63491900 75.65062889 71.60582095 68.48864711 44.27846327 24.20422479 1308.518841 1339.381517 1412.149129 1447.462040 1550.821202 1575.857609 1720.509365 1619.668264 1704.955028 1707.314253 1740.164530 1753.177016 1802.695868 1876.355423 2006.193806 2067.699032 2136.218179 2176.691045 2302.089726 2384.378860 2481.872753 2559.027421 2601.903516 2597.672114 2674.066015 2815.670949 2917.977525 3029.760522 3137.428054 3244.586465 3282.704268 3354.063683 3481.536267 3537.248677 3586.878756 3607.898396 3703.892851 3763.867747 3784.774524 3931.442956 4031.800941 4275.669614 4400.135248 4435.138241 4948.475699 5024.464023 5171.984410 5478.253988 5683.501828 5831.863409 6061.002228 6242.250979 6593.697758 7201.865162 7416.233176 7526.706010 7863.426693 8159.484427 8445.620055 8727.945913 9352.179835 9856.539884 9940.863068 10188.46527 10850.83558 11852.40328 12108.38913 12495.09468 13229.28580 13962.14131 14134.87988 14639.13830 14909.89292 15767.73403 16199.42096 16913.88100 17204.07231 17920.09699 18453.87958 19748.47177 21007.67262 21695.72972 24189.15109 24724.96338 25818.68875 26199.37908 27654.67341 28654.16066 30704.00865 31484.99338 32775.28184 35774.82362 37058.59427 41577.64053 44384.73427 48961.73424 54429.49981 144805.7746
      sorted:	 24.20422479 44.27846327 68.48864711 71.60582095 75.65062889 83.57429308 87.63491900 93.80956559 109.1216084 124.2540962 145.7063933 147.8100765 178.6801198 197.0566063 200.3346121 252.0760129 296.3243101 374.7521386 376.6482234 438.1645532 458.5181800 461.7459859 515.1819116 586.0323128 594.4237744 603.2830199 626.9956971 637.0231535 668.9171552 672.3481940 684.3267265 688.4399208 692.7908163 698.2917938 762.1839237 821.6192840 830.9888641 875.1012502 911.1779138 920.7596303 946.4055354 958.2842011 986.9326474 1060.062649 1084.089741 1147.997680 1224.871157 1308.518841 1339.381517 1412.149129 1447.462040 1550.821202 1575.857609 1619.668264 1704.955028 1707.314253 1720.509365 1740.164530 1753.177016 1802.695868 1876.355423 2006.193806 2067.699032 2136.218179 2176.691045 2302.089726 2384.378860 2481.872753 2559.027421 2597.672114 2601.903516 2674.066015 2815.670949 2917.977525 3029.760522 3137.428054 3244.586465 3282.704268 3354.063683 3481.536267 3537.248677 3586.878756 3607.898396 3703.892851 3763.867747 3784.774524 3931.442956 4031.800941 4275.669614 4400.135248 4435.138241 4948.475699 5024.464023 5171.984410 5478.253988 5683.501828 5831.863409 6061.002228 6242.250979 6593.697758 7201.865162 7416.233176 7526.706010 7863.426693 8159.484427 8445.620055 8727.945913 9352.179835 9856.539884 9940.863068 10188.46527 10850.83558 11852.40328 12108.38913 12495.09468 13229.28580 13962.14131 14134.87988 14639.13830 14909.89292 15767.73403 16199.42096 16913.88100 17204.07231 17920.09699 18453.87958 19748.47177 21007.67262 21695.72972 24189.15109 24724.96338 25818.68875 26199.37908 27654.67341 28654.16066 30704.00865 31484.99338 32775.28184 35774.82362 37058.59427 41577.64053 44384.73427 48961.73424 54429.49981 144805.7746
