    unsorted:	 1094.777220 1099.187460 1112.117196 1120.932334 1153.048875 1055.333047 1057.577960 1066.799594 1033.416073 1000.828122 1161.277956 1003.034730 1181.724549 1197.524694 1217.417975 1241.400271 964.7340301 1278.847827 941.3299698 1297.723261 1314.264876 906.0671976 888.0339595 1352.300831 1362.588401 872.3891360 1440.959774 829.1660593 1450.935151 788.2801444 724.8955093 641.7301134 634.5795727 1571.754621 1601.732769 1658.083340 1658.614742 583.6938182 1719.554881 1782.250553 487.7054323 378.7506906 424.0816047 391.9522069 199.9944428 200.6140136 197.1054796 193.4793707 214.9058003 266.9035515 235.5257751 289.8927751 313.5677906 70.31936838 85.31150282 79.00689194 74.07879264 95.59756736 103.5790135 49.36677335 32.68700901 42.98720161 24.89287435 1859.056965 1932.922932 1987.476362 2001.951873 2159.130143 2173.071420 2254.412011 2294.701158 2331.943738 2444.015188 2501.853173 2735.052311 2635.283584 2746.569998 2941.955894 2950.897478 3029.031244 3044.699072 3106.010548 3165.734586 3319.621647 3367.591509 3450.012798 3473.859111 3583.677653 3712.488199 3802.173121 3821.875534 3976.470668 4065.195967 4133.480951 4319.875689 4441.711502 4500.358293 4573.169728 4655.833895 4863.475896 5152.790304 5353.156332 5873.021858 6066.882267 6373.865775 6469.191545 6554.314686 6675.312537 6806.695128 7118.017105 7482.526852 7600.738742 8071.015601 8270.608377 8731.090470 9122.318873 9537.811103 9810.747822 10237.04195 10725.98791 11217.96069 11521.96406 11924.64372 12250.64640 12633.01799 13121.01187 14331.76353 14649.87550 15341.47605 15474.10556 15957.82468 16616.71865 17585.75174 18601.16450 18800.57572 19573.30259 19790.79049 20010.44941 20733.41789 21448.39044 22382.65260 22528.71232 23150.68781 23981.36809 24440.33517 24866.66827 26165.33811 27470.29282 28058.92869 31466.38714 35480.80726 35627.86485 36762.87929 41571.73173 51365.99496 52745.64901 55807.53013 59088.37081 77813.67253 96648.69970 125769.8351 236845.5373
      sorted:	 24.89287435 32.68700901 42.98720161 49.36677335 70.31936838 74.07879264 79.00689194 85.31150282 95.59756736 103.5790135 193.4793707 197.1054796 199.9944428 200.6140136 214.9058003 235.5257751 266.9035515 289.8927751 313.5677906 378.7506906 391.9522069 424.0816047 487.7054323 583.6938182 634.5795727 641.7301134 724.8955093 788.2801444 829.1660593 872.3891360 888.0339595 906.0671976 941.3299698 964.7340301 1000.828122 1003.034730 1033.416073 1055.333047 1057.577960 1066.799594 1094.777220 1099.187460 1112.117196 1120.932334 1153.048875 1161.277956 1181.724549 1197.524694 1217.417975 1241.400271 1278.847827 1297.723261 1314.264876 1352.300831 1362.588401 1440.959774 1450.935151 1571.754621 1601.732769 1658.083340 1658.614742 1719.554881 1782.250553 1859.056965 1932.922932 1987.476362 2001.951873 2159.130143 2173.071420 2254.412011 2294.701158 2331.943738 2444.015188 2501.853173 2635.283584 2735.052311 2746.569998 2941.955894 2950.897478 3029.031244 3044.699072 3106.010548 3165.734586 3319.621647 3367.591509 3450.012798 3473.859111 3583.677653 3712.488199 3802.173121 3821.875534 3976.470668 4065.195967 4133.480951 4319.875689 4441.711502 4500.358293 4573.169728 4655.833895 4863.475896 5152.790304 5353.156332 5873.021858 6066.882267 6373.865775 6469.191545 6554.314686 6675.312537 6806.695128 7118.017105 7482.526852 7600.738742 8071.015601 8270.608377 8731.090470 9122.318873 9537.811103 9810.747822 10237.04195 10725.98791 11217.96069 11521.96406 11924.64372 12250.64640 12633.01799 13121.01187 14331.76353 14649.87550 15341.47605 15474.10556 15957.82468 16616.71865 17585.75174 18601.16450 18800.57572 19573.30259 19790.79049 20010.44941 20733.41789 21448.39044 22382.65260 22528.71232 23150.68781 23981.36809 24440.33517 24866.66827 26165.33811 27470.29282 28058.92869 31466.38714 35480.80726 35627.86485 36762.87929 41571.73173 51365.99496 52745.64901 55807.53013 59088.37081 77813.67253 96648.69970 125769.8351 236845.5373
