    unsorted:	 685.1246031 684.3363150 686.1294606 679.9455262 693.2690042 659.9488056 658.2046074 649.9800026 623.6063072 613.0222622 742.8244350 750.7051795 586.4932896 793.5685463 817.7143006 876.8415263 853.5604859 533.7787603 497.7780798 927.5374679 448.2814871 416.8083320 393.2829392 340.1719033 356.3744892 292.8291774 294.9097090 304.3114095 270.1900878 970.6089022 240.3394972 999.6766099 204.0795988 186.9293019 163.1753377 155.0131563 130.1056618 123.4327479 114.2395494 83.73909065 98.89959232 67.50910524 54.35415550 40.50696600 18.03162796 16.21233579 4.795752064 1088.798611 1143.290629 1177.983765 1274.045702 1296.421365 1322.780243 1465.911865 1509.142500 1595.501569 1674.372962 1732.747563 1813.527894 1825.931553 1905.825697 1956.123377 1979.874468 2022.607478 2094.870556 2127.866099 2174.690789 2220.155449 2315.653378 2346.257414 2396.135429 2538.614567 2565.213313 2627.071335 2741.286026 2720.990033 2951.978050 2876.932447 3032.125857 3043.422328 3137.034171 3165.472772 3249.838411 3334.898838 3372.653010 3448.909252 3459.518088 3492.684711 3536.116311 3563.201081 3611.467337 3760.609092 3846.228008 3901.339674 3972.064301 4037.576839 4513.308197 4622.353988 4856.497149 5029.111216 5227.011678 5362.074807 5669.267432 5946.666766 6079.392155 6960.368688 7002.361906 7759.202588 8034.618771 8310.019752 8408.092117 8711.485215 9210.451470 9846.337921 10118.40751 10266.01580 10608.11319 11181.80406 11804.56458 12300.52496 12811.96448 13699.20150 14022.15342 14113.10057 15018.19726 15441.73440 15799.56933 16304.39630 16851.71186 17340.47241 18009.37872 18529.40697 18826.71021 19154.45458 19536.30738 21503.18532 21692.22917 22513.38829 22986.63896 24168.55856 24570.11263 25387.13172 26746.35927 27509.42123 28316.60467 29430.96755 30388.49728 32783.09310 37443.29886 38209.23219 41667.89510 44889.67378 50792.46845 136740.9293
      sorted:	 4.795752064 16.21233579 18.03162796 40.50696600 54.35415550 67.50910524 83.73909065 98.89959232 114.2395494 123.4327479 130.1056618 155.0131563 163.1753377 186.9293019 204.0795988 240.3394972 270.1900878 292.8291774 294.9097090 304.3114095 340.1719033 356.3744892 393.2829392 416.8083320 448.2814871 497.7780798 533.7787603 586.4932896 613.0222622 623.6063072 649.9800026 658.2046074 659.9488056 679.9455262 684.3363150 685.1246031 686.1294606 693.2690042 742.8244350 750.7051795 793.5685463 817.7143006 853.5604859 876.8415263 927.5374679 970.6089022 999.6766099 1088.798611 1143.290629 1177.983765 1274.045702 1296.421365 1322.780243 1465.911865 1509.142500 1595.501569 1674.372962 1732.747563 1813.527894 1825.931553 1905.825697 1956.123377 1979.874468 2022.607478 2094.870556 2127.866099 2174.690789 2220.155449 2315.653378 2346.257414 2396.135429 2538.614567 2565.213313 2627.071335 2720.990033 2741.286026 2876.932447 2951.978050 3032.125857 3043.422328 3137.034171 3165.472772 3249.838411 3334.898838 3372.653010 3448.909252 3459.518088 3492.684711 3536.116311 3563.201081 3611.467337 3760.609092 3846.228008 3901.339674 3972.064301 4037.576839 4513.308197 4622.353988 4856.497149 5029.111216 5227.011678 5362.074807 5669.267432 5946.666766 6079.392155 6960.368688 7002.361906 7759.202588 8034.618771 8310.019752 8408.092117 8711.485215 9210.451470 9846.337921 10118.40751 10266.01580 10608.11319 11181.80406 11804.56458 12300.52496 12811.96448 13699.20150 14022.15342 14113.10057 15018.19726 15441.73440 15799.56933 16304.39630 16851.71186 17340.47241 18009.37872 18529.40697 18826.71021 19154.45458 19536.30738 21503.18532 21692.22917 22513.38829 22986.63896 24168.55856 24570.11263 25387.13172 26746.35927 27509.42123 28316.60467 29430.96755 30388.49728 32783.09310 37443.29886 38209.23219 41667.89510 44889.67378 50792.46845 136740.9293
